[[[[0.27450982]
   [0.3137255 ]
   [0.32156864]
   ...
   [0.20392157]
   [0.16862746]
   [0.16078432]]

  [[0.25490198]
   [0.23921569]
   [0.22745098]
   ...
   [0.21960784]
   [0.20392157]
   [0.17254902]]

  [[0.19607843]
   [0.16862746]
   [0.21176471]
   ...
   [0.19215687]
   [0.21960784]
   [0.18431373]]

  ...

  [[0.35686275]
   [0.25490198]
   [0.16470589]
   ...
   [0.28235295]
   [0.21960784]
   [0.16862746]]

  [[0.3019608 ]
   [0.32156864]
   [0.30980393]
   ...
   [0.4117647 ]
   [0.27450982]
   [0.18039216]]

  [[0.3019608 ]
   [0.28235295]
   [0.32941177]
   ...
   [0.41568628]
   [0.42745098]
   [0.32156864]]]


 [[[0.5921569 ]
   [0.5882353 ]
   [0.5764706 ]
   ...
   [0.5058824 ]
   [0.54901963]
   [0.47058824]]

  [[0.5921569 ]
   [0.58431375]
   [0.58431375]
   ...
   [0.47843137]
   [0.5529412 ]
   [0.5372549 ]]

  [[0.5921569 ]
   [0.5921569 ]
   [0.6117647 ]
   ...
   [0.42745098]
   [0.48235294]
   [0.57254905]]

  ...

  [[0.7372549 ]
   [0.7372549 ]
   [0.4745098 ]
   ...
   [0.7254902 ]
   [0.7254902 ]
   [0.7294118 ]]

  [[0.7372549 ]
   [0.73333335]
   [0.76862746]
   ...
   [0.7294118 ]
   [0.7137255 ]
   [0.73333335]]

  [[0.7294118 ]
   [0.72156864]
   [0.7254902 ]
   ...
   [0.75686276]
   [0.7176471 ]
   [0.72156864]]]


 [[[0.90588236]
   [0.83137256]
   [0.6117647 ]
   ...
   [0.17254902]
   [0.10588235]
   [0.0627451 ]]

  [[0.8980392 ]
   [0.6862745 ]
   [0.5803922 ]
   ...
   [0.10588235]
   [0.13725491]
   [0.10588235]]

  [[0.8392157 ]
   [0.6117647 ]
   [0.6156863 ]
   ...
   [0.10980392]
   [0.08627451]
   [0.10980392]]

  ...

  [[0.94509804]
   [0.9607843 ]
   [0.98039216]
   ...
   [0.22352941]
   [0.39607844]
   [0.57254905]]

  [[0.9647059 ]
   [0.98039216]
   [0.9882353 ]
   ...
   [0.30588236]
   [0.4117647 ]
   [0.63529414]]

  [[0.98039216]
   [0.9843137 ]
   [0.98039216]
   ...
   [0.34509805]
   [0.43137255]
   [0.59607846]]]


 ...


 [[[0.2901961 ]
   [0.31764707]
   [0.34117648]
   ...
   [0.7411765 ]
   [0.7490196 ]
   [0.7529412 ]]

  [[0.30588236]
   [0.32156864]
   [0.34901962]
   ...
   [0.7254902 ]
   [0.7411765 ]
   [0.75686276]]

  [[0.31764707]
   [0.3372549 ]
   [0.36862746]
   ...
   [0.6901961 ]
   [0.7254902 ]
   [0.75686276]]

  ...

  [[0.3529412 ]
   [0.3882353 ]
   [0.44313726]
   ...
   [0.7529412 ]
   [0.7647059 ]
   [0.77254903]]

  [[0.34509805]
   [0.3764706 ]
   [0.44705883]
   ...
   [0.7529412 ]
   [0.7607843 ]
   [0.7529412 ]]

  [[0.34509805]
   [0.38039216]
   [0.43137255]
   ...
   [0.7372549 ]
   [0.73333335]
   [0.73333335]]]


 [[[0.87058824]
   [0.8901961 ]
   [0.79607844]
   ...
   [0.5411765 ]
   [0.5176471 ]
   [0.47843137]]

  [[0.87058824]
   [0.8862745 ]
   [0.79607844]
   ...
   [0.5568628 ]
   [0.53333336]
   [0.49803922]]

  [[0.87058824]
   [0.88235295]
   [0.80784315]
   ...
   [0.5764706 ]
   [0.56078434]
   [0.5058824 ]]

  ...

  [[0.7019608 ]
   [0.7058824 ]
   [0.69411767]
   ...
   [0.5529412 ]
   [0.54509807]
   [0.5372549 ]]

  [[0.7372549 ]
   [0.7137255 ]
   [0.6901961 ]
   ...
   [0.5411765 ]
   [0.53333336]
   [0.5294118 ]]

  [[0.70980394]
   [0.65882355]
   [0.60784316]
   ...
   [0.53333336]
   [0.53333336]
   [0.5254902 ]]]


 [[[0.7647059 ]
   [0.78039217]
   [0.8039216 ]
   ...
   [0.7137255 ]
   [0.54901963]
   [0.3019608 ]]

  [[0.75686276]
   [0.76862746]
   [0.7921569 ]
   ...
   [0.77254903]
   [0.64705884]
   [0.4117647 ]]

  [[0.7764706 ]
   [0.78431374]
   [0.8       ]
   ...
   [0.8156863 ]
   [0.76862746]
   [0.6156863 ]]

  ...

  [[0.22352941]
   [0.28627452]
   [0.32941177]
   ...
   [0.01176471]
   [0.07843138]
   [0.12941177]]

  [[0.23921569]
   [0.28627452]
   [0.3764706 ]
   ...
   [0.02352941]
   [0.07450981]
   [0.16078432]]

  [[0.23921569]
   [0.30980393]
   [0.37254903]
   ...
   [0.02352941]
   [0.05882353]
   [0.14901961]]]]